d_um,mean_def_gap,Xi_min_gap
1,0.0213,0.9781
2,0.0317,0.9665
3,0.0412,0.9560
5,0.0578,0.9382
7,0.0719,0.9231
10,0.0895,0.9040
15,0.1127,0.8796
20,0.1314,0.8601
30,0.1623,0.8280
40,0.1879,0.8012
d_um,mean_def_gap,F_min_N,gF_max_N,tau_s,Sf_sqrt_N_per_sqrtHz
1,0.0213,3.16e-18,1.48e-16,10,1e-17
2,0.0317,3.16e-18,9.97e-17,10,1e-17
3,0.0412,3.16e-18,7.67e-17,10,1e-17
5,0.0578,3.16e-18,5.47e-17,10,1e-17
7,0.0719,3.16e-18,4.39e-17,10,1e-17
10,0.0895,3.16e-18,3.53e-17,10,1e-17
15,0.1127,3.16e-18,2.80e-17,10,1e-17
20,0.1314,3.16e-18,2.40e-17,10,1e-17
30,0.1623,3.16e-18,1.95e-17,10,1e-17
40,0.1879,3.16e-18,1.68e-17,10,1e-17
k_over_Mpl,mu_Geff_over_G,m_eff_over_Mpl,epsilon_k
1e0,1.000000,3.11e-1,3.3e-1
1e-1,1.000000,3.11e-2,3.3e-2
1e-3,1.000000,3.11e-4,3.3e-4
1e-5,1.000000,3.11e-6,3.3e-6
1e-10,1.000000,3.11e-11,3.3e-11
r_m,ell5_m,epsilon_screened,A_rel
1e-6,6.4e-6,3.3e-1,1.9e-1
1e-5,6.4e-5,3.1e-2,2.1e-3
1e-4,6.4e-4,3.3e-3,3.3e-4
1e-3,6.4e-3,3.3e-5,9.1e-7
1e-2,6.4e-2,3.3e-7,1.2e-9
